0 0.480875 0.716125 0.18872656249999994 0.4489027777777778
0 0.6369687500000001 0.70725 0.16028906250000005 0.4200694444444445
0 0.46555468749999995 0.11136111111111112 0.16434374999999996 0.17826388888888892
0 0.2613046875 0.08055555555555556 0.16291406249999998 0.16111111111111112
0 0.8485625000000001 0.10255555555555557 0.20535156249999992 0.15511111111111112
0 0.8306328125 0.5939722222222222 0.15350000000000003 0.26570833333333344
0 0.943796875 0.6676666666666667 0.11240625000000008 0.2817638888888888
0 0.8216875 0.8543888888888889 0.16722656250000006 0.23968055555555548
0 0.173046875 0.8130694444444444 0.09807031249999998 0.28170833333333334
0 0.95078125 0.8986111111111111 0.0984375 0.20277777777777778
0 0.6700468749999999 0.152625 0.07980468750000007 0.09476388888888887